50 0
-73128 69487
52755 -48986
-913 -10102
30319 57745
-81228 -94331
67153 -13447
52456 -99579
-10923 44308
-54248 89055
80286 -93882
-94911 8283
87830 -23759
-56680 -15577
-94192 -55662
-12423 -838
-53383 -53827
-56244 -8079
-42044 -95703
67516 11291
28459 -62819
98509 71990
-75822 -33461
44297 42239
87289 -15579
66007 34061
-39326 17516
76496 69240
1057 17801
-93095 -51452
59481 -17137
-65399 9760
40608 34897
-25060 -12208
1685 55689
4188 -21349
-2061 -94085
-91303 40677
96638 18637
-21280 -65930
448 96416
54105 7924
72058 -53565
2754 90494
15559 -8174
-46144 9599
91424 -98859
56731 64098
77236 48101
61828 3736
12272 -14782
